8.701390470378100872e-06
9.528022928861901164e-06
1.043318479787558317e-05
1.142433666245779023e-05
1.250964851351454854e-05
1.369806432194309309e-05
1.499938025517622009e-05
1.642432107473723590e-05
1.798463017621543258e-05
1.969316872418858111e-05
2.156401933461893350e-05
2.361260158068034798e-05
2.585579750302713364e-05
2.831209712894633412e-05
3.100174581049941480e-05
3.394690793356858194e-05
3.717186336871236563e-05
4.070319118909537792e-05
4.456999158719554543e-05
4.880414053332060575e-05
5.344052988220937550e-05
5.851738023920916021e-05
6.407652836060151458e-05
7.016379822744056582e-05
7.682935392949730158e-05
8.412813622271642089e-05
9.212031000060960650e-05
1.008717372315004468e-04
1.104545444832183421e-04
1.209477268275804818e-04
1.324377517448738217e-04
1.450193376513198018e-04
1.587961596669629216e-04
1.738817954901605844e-04
1.904005621327087283e-04
2.084886073134839535e-04
2.282950154040008783e-04
2.499830443412065506e-04
2.737314207479357719e-04
2.997358969878405333e-04
3.282107936684042215e-04
3.593908040784299374e-04
3.935329150408506393e-04
4.309185314923524857e-04
4.718557756859809160e-04
5.166820483282208443e-04
5.657668225467205048e-04
6.195146706886589527e-04
6.783684948459267616e-04
7.428135140798985958e-04
8.133807568810880184e-04
8.906518924050033092e-04
9.752637706696987152e-04
1.067913835868239403e-03
1.169365597888827324e-03
1.280455267988145351e-03
1.402098452672362328e-03
1.535297720693051815e-03
1.681150984950363636e-03
1.840860233642160892e-03
2.015742007642984390e-03
2.207237295806407928e-03
2.416924806311726570e-03
2.646532608196139336e-03
2.897953148931264877e-03
3.173258621245622635e-03
3.474717959761619568e-03
3.804815933108329773e-03
4.166273400187492371e-03
4.562069196254014969e-03
4.995465744286775589e-03
5.470034666359424591e-03
5.989687982946634293e-03
6.558707915246486664e-03
7.181785069406032562e-03
7.864054292440414429e-03
8.611138910055160522e-03
9.429196827113628387e-03
1.032496988773345947e-02
1.130584161728620529e-02
1.237989682704210281e-02
1.355598587542772293e-02
1.484380476176738739e-02
1.625396497547626495e-02
1.779809221625328064e-02
1.948891021311283112e-02
2.134035527706146240e-02
2.336768805980682373e-02
2.558761835098266602e-02
2.801844105124473572e-02
3.068019077181816101e-02
3.359480947256088257e-02
3.678631410002708435e-02
4.028101265430450439e-02
4.368940740823745728e-02
4.709779843688011169e-02
5.050619319081306458e-02
5.391458794474601746e-02
5.732297897338867188e-02
6.073137372732162476e-02
6.413976848125457764e-02
6.754816323518753052e-02
7.095655053853988647e-02
7.436494529247283936e-02
7.777334004640579224e-02
8.118173480033874512e-02
8.459012955427169800e-02
9.002604335546493530e-02
9.546195715665817261e-02
1.008978709578514099e-01
1.063337847590446472e-01
1.117696985602378845e-01
1.172056123614311218e-01
1.226415261626243591e-01
1.280774325132369995e-01
1.335133463144302368e-01
1.389492601156234741e-01
1.443851739168167114e-01
1.498210877180099487e-01
1.552570015192031860e-01
1.606929153203964233e-01
1.661288291215896606e-01
1.715647429227828979e-01
1.770006567239761353e-01
1.824365705251693726e-01
1.878724843263626099e-01
1.933083981275558472e-01
1.987443119287490845e-01
2.041802257299423218e-01
2.096161395311355591e-01
2.150520533323287964e-01
2.204879671335220337e-01
2.259238809347152710e-01
2.313597947359085083e-01
2.367957085371017456e-01
2.422316223382949829e-01
2.476675361394882202e-01
2.531034350395202637e-01
2.585393488407135010e-01
2.639752626419067383e-01
2.694111764430999756e-01
2.748470902442932129e-01
2.802830040454864502e-01
2.857189178466796875e-01
2.911548316478729248e-01
2.965907454490661621e-01
3.020266592502593994e-01
3.074625730514526367e-01
3.128984868526458740e-01
3.183344006538391113e-01
3.237703144550323486e-01
3.292062282562255859e-01
3.346421420574188232e-01
3.400780558586120605e-01
3.455139696598052979e-01
3.509498834609985352e-01
3.563857972621917725e-01
3.618217110633850098e-01
3.672576248645782471e-01
3.726935386657714844e-01
3.781294524669647217e-01
3.835653662681579590e-01
3.890012800693511963e-01
3.944371938705444336e-01
3.998731076717376709e-01
4.053090214729309082e-01
4.107449352741241455e-01
4.161808490753173828e-01
4.216167628765106201e-01
4.270526766777038574e-01
4.324885904788970947e-01
4.379245042800903320e-01
4.433604180812835693e-01
4.487963318824768066e-01
4.542322456836700439e-01
4.596681594848632812e-01
4.651040732860565186e-01
4.705399870872497559e-01
4.759759008884429932e-01
4.814118146896362305e-01
4.868477284908294678e-01
4.922836422920227051e-01
4.977195560932159424e-01
5.634297132492065430e-01
7.628587484359741211e-01
1.032876729965209961e+00
1.398469209671020508e+00
1.893465042114257812e+00
2.563667297363281250e+00
3.471091508865356445e+00
4.699703216552734375e+00
6.363189220428466797e+00
8.615474700927734375e+00
1.166496944427490234e+01
1.579384994506835938e+01
2.138417053222656250e+01
2.895321464538574219e+01
3.920136260986328125e+01
5.307690048217773438e+01
7.186376190185546875e+01
9.730033874511718750e+01
1.317403259277343750e+02
1.783705291748046875e+02
