6.507768511444483295e+01
7.093740245931500965e+01
7.732473480895811235e+01
8.428716214208647273e+01
9.187650053647769255e+01
1.001491753813359793e+02
1.091667293835233039e+02
1.189961758242905319e+02
1.297106286278751099e+02
1.413897561228528730e+02
1.541204344440774889e+02
1.679972661961573976e+02
1.831234384382686358e+02
1.996114055796358855e+02
2.175837136503321290e+02
2.371738484730601897e+02
2.585274933164610616e+02
2.818032630054989340e+02
3.071739721960264546e+02
3.348280700136384098e+02
3.649707235855775025e+02
3.978257770645992650e+02
4.336366647953995539e+02
4.726688896146042111e+02
5.152117188585302756e+02
5.615796979955035795e+02
6.121157264235865796e+02
6.671932027926194451e+02
7.272179379863000577e+02
7.926320779270029107e+02
8.639158157188986706e+02
9.415920028315157424e+02
1.026227832810860036e+03
1.118439771644822258e+03
1.218897347773764750e+03
1.328324653487926525e+03
1.447507999735117210e+03
1.577297126990558581e+03
1.718610093857862012e+03
1.872437702137243832e+03
2.039846942099095486e+03
2.221985620818233201e+03
2.420084159237748281e+03
2.635459278332759823e+03
2.869517569039697264e+03
3.123755440357912448e+03
3.399760216557615422e+03
3.699214501170389667e+03
4.023884636043128467e+03
4.375628013972114786e+03
4.756378523062769091e+03
5.168138755907093582e+03
5.612962208131752959e+03
6.092932718527086763e+03
6.610136558954016436e+03
7.166626415226200152e+03
7.764385691984434743e+03
8.405273453088890165e+03
9.090982844046315222e+03
9.822941028580606144e+03
1.060225103540673445e+04
1.142959485401508755e+04
1.230514687030661844e+04
1.322846001131576668e+04
1.419834797753562634e+04
1.521275084628584045e+04
1.626859457059708438e+04
1.736160984209812159e+04
1.848618534278342850e+04
1.963523228703816858e+04
2.080006267592177392e+04
2.197017389890392951e+04
2.313309704039381177e+04
2.427423334076299943e+04
2.537680715718670399e+04
2.642173100042131045e+04
2.738743642674195871e+04
2.825023731453420260e+04
2.898405951131786424e+04
2.956101087210463083e+04
2.995198689840733277e+04
3.012746632812810640e+04
3.005912609255611096e+04
2.972179241869963153e+04
2.921590503716031162e+04
2.831135579902282916e+04
2.711393989779839831e+04
2.555509967395698914e+04
2.384375770183510394e+04
2.202735474317916305e+04
2.007907190176119184e+04
1.811877401783863024e+04
1.631243246426065889e+04
1.472035139166762747e+04
1.352653475989072831e+04
1.262707086604131655e+04
1.194227005302146972e+04
1.139660855015033303e+04
1.092518442178610348e+04
1.046726986520680293e+04
9.979958818941748177e+03
9.440491844745558410e+03
8.845645900755223920e+03
8.250495375293969119e+03
7.602760764784691673e+03
6.969051703187167732e+03
6.382559463681119269e+03
5.598685748112493457e+03
5.021614589592964876e+03
4.631299194630415514e+03
4.381479900026703945e+03
4.204953330662798180e+03
4.033782637007810081e+03
3.824312370067813845e+03
3.564282371372391935e+03
3.267434880164324568e+03
2.963846787573554593e+03
2.686929147660373019e+03
2.460931854656763790e+03
2.293810702359399329e+03
2.177638271184190216e+03
2.095072321276007187e+03
2.026823568728651253e+03
1.955969666149503837e+03
1.870921316733118829e+03
1.769267203035748935e+03
1.657571229851061162e+03
1.545507108905755103e+03
1.442009033882230142e+03
1.354271017962062388e+03
1.285120280417988397e+03
1.231879786747881099e+03
1.189225332829306581e+03
1.151465518958031907e+03
1.113281538591910930e+03
1.071343414096147399e+03
1.025149111445017752e+03
9.761885460068762086e+02
9.272328775440980735e+02
8.813540064266488798e+02
8.405847266709919268e+02
8.056775345531224275e+02
7.763115021389309049e+02
7.509873730813666270e+02
7.276739803174721146e+02
7.048265740570469688e+02
6.815135785003942601e+02
6.572919150112925308e+02
6.324626935336502811e+02
6.079062176903582895e+02
5.844784269657374125e+02
5.627801646067199499e+02
5.431695477368198226e+02
5.256099357736234197e+02
5.096560986197529246e+02
4.947352056743595199e+02
4.803544272397127770e+02
4.661477556127996422e+02
4.519447098316730376e+02
4.377979836647663205e+02
4.238947520391730563e+02
4.104760476348424163e+02
3.977574119202604379e+02
3.858579801956060464e+02
3.747681665068776056e+02
3.643889304140573699e+02
3.545661538618529107e+02
3.451230943613365412e+02
3.359242615396811402e+02
3.269117890661330534e+02
3.180761460527006648e+02
3.094373150107202832e+02
3.010599467467322370e+02
2.930184068250064797e+02
2.853417701694200446e+02
2.780262470640825541e+02
2.710606510047499000e+02
2.643995044922469333e+02
2.579748647844999709e+02
2.517461992534394142e+02
2.456932261261259782e+02
2.397917719961634759e+02
2.340396814721961789e+02
1.778147529289384465e+02
8.947470203236507302e+01
4.411333208974041753e+01
2.136563980958367637e+01
1.018861404515016034e+01
4.793098301212140200e+00
2.228007054258683617e+00
1.024747424256372552e+00
4.669012155267169284e-01
2.109465514666163111e-01
9.458374361901042415e-02
4.211534482512657024e-02
1.863206622009490332e-02
8.191968398014049663e-03
3.579295129930403808e-03
1.553224081259356850e-03
6.684333218140924796e-04
2.844408715977309000e-04
1.190408368113760778e-04
4.855258253548469239e-05
